0.849375 0.661122 0.435077 0.242393 0.114517 0.0460058 0.0157904 0.00466747 0.00120329 0.000273161 0.661122 0.51321 0.336385 0.186308 0.087284 0.0346442 0.0116744 0.00334438 0.000811248 0.000165872 0.435077 0.336385 0.21934 0.120502 0.055691 0.0215644 0.00691222 0.00176096 0.000303134 1.09999e-05 0.242393 0.186308 0.120502 0.0653155 0.029438 0.0108146 0.00303774 0.000474207 -0.000118291 -0.000122564 0.114517 0.087284 0.055691 0.029438 0.0125879 0.00404574 0.000663628 -0.000289048 -0.000362586 -0.000200249 0.0460058 0.0346442 0.0215644 0.0108146 0.00404574 0.000754189 -0.000406009 -0.000588619 -0.000440418 -0.000220981 0.0157904 0.0116744 0.00691222 0.00303774 0.000663628 -0.000406009 -0.000681544 -0.000600606 -0.000408397 -0.000201087 0.00466747 0.00334438 0.00176096 0.000474207 -0.000289048 -0.000588619 -0.000600606 -0.000481441 -0.000321971 -0.000158974 0.00120329 0.000811248 0.000303134 -0.000118291 -0.000362586 -0.000440418 -0.000408397 -0.000321971 -0.000216392 -0.000107674 0.000273161 0.000165872 1.09999e-05 -0.000122564 -0.000200249 -0.000220981 -0.000201087 -0.000158974 -0.000107674 -5.39164e-05 
