0.992032 0.980199 0.960789 0.93426 0.901225 0.862431 0.818731 0.771052 0.720363 0.667644 0.613853 0.559898 0.506617 0.454753 0.404947 0.357722 0.313486 0.272532 0.23504 0.201091 0.170674 0.143704 0.120032 0.09946 0.0817573 0.06667 0.0539337 0.0432828 0.0344585 0.0272146 0.0213223 0.0165727 0.0127784 0.00977429 0.00741686 0.00558316 0.00416933 0.00308872 0.00226994 0.00165492 0.00119692 0.000858778 0.000611253 0.000431605 0.000302327 0.000210085 0.000144823 9.90387e-05 6.71891e-05 4.52187e-05 0.980199 0.968507 0.949329 0.923116 0.890475 0.852144 0.808965 0.761854 0.71177 0.65968 0.606531 0.55322 0.500574 0.449329 0.400116 0.353455 0.309747 0.269281 0.232236 0.198692 0.168638 0.14199 0.1186 0.0982736 0.0807821 0.0658748 0.0532904 0.0427665 0.0340475 0.02689 0.021068 0.016375 0.012626 0.0096577 0.00732839 0.00551656 0.0041196 0.00305187 0.00224287 0.00163518 0.00118265 0.000848534 0.000603962 0.000426457 0.000298721 0.000207579 0.000143095 9.78573e-05 6.63876e-05 4.46793e-05 0.960789 0.949329 0.930531 0.904837 0.872843 0.83527 0.792946 0.746769 0.697676 0.646618 0.594521 0.542265 0.490662 0.440432 0.392193 0.346456 0.303613 0.263949 0.227638 0.194758 0.165299 0.139178 0.116251 0.0963276 0.0791825 0.0645703 0.0522351 0.0419197 0.0333733 0.0263576 0.0206508 0.0160507 0.012376 0.00946646 0.00718327 0.00540733 0.00403802 0.00299144 0.00219846 0.00160281 0.00115923 0.000831732 0.000592002 0.000418012 0.000292806 0.000203468 0.000140262 9.59196e-05 6.50731e-05 4.37946e-05 0.93426 0.923116 0.904837 0.879853 0.848742 0.812207 0.771052 0.726149 0.678412 0.628764 0.578105 0.527292 0.477114 0.428271 0.381364 0.33689 0.29523 0.256661 0.221352 0.18938 0.160735 0.135335 0.113042 0.0936679 0.0769961 0.0627875 0.0507928 0.0407622 0.0324518 0.0256298 0.0200806 0.0156076 0.0120342 0.00920508 0.00698493 0.00525802 0.00392653 0.00290884 0.00213775 0.00155855 0.00112722 0.000808767 0.000575656 0.00040647 0.000284721 0.00019785 0.000136389 9.32711e-05 6.32763e-05 4.25854e-05 0.901225 0.890475 0.872843 0.848742 0.818731 0.783488 0.743787 0.700473 0.654424 0.606531 0.557663 0.508648 0.460243 0.413127 0.367879 0.324977 0.284791 0.247585 0.213525 0.182684 0.155051 0.13055 0.109044 0.0903558 0.0742736 0.0605673 0.0489968 0.0393209 0.0313043 0.0247235 0.0193706 0.0150557 0.0116087 0.00887959 0.00673795 0.0050721 0.00378769 0.00280599 0.00206216 0.00150344 0.00108736 0.000780169 0.000555301 0.000392098 0.000274654 0.000190854 0.000131566 8.99731e-05 6.10389e-05 4.10796e-05 0.862431 0.852144 0.83527 0.812207 0.783488 0.749762 0.71177 0.67032 0.626254 0.580422 0.533658 0.486752 0.440432 0.395344 0.352044 0.310988 0.272532 0.236928 0.204334 0.17482 0.148377 0.12493 0.10435 0.0864663 0.0710764 0.0579601 0.0468877 0.0376283 0.0299568 0.0236593 0.0185368 0.0144076 0.011109 0.00849736 0.00644791 0.00485377 0.00362464 0.0026852 0.00197339 0.00143872 0.00104056 0.000746586 0.000531398 0.000375219 0.000262831 0.000182639 0.000125903 8.61001e-05 5.84114e-05 3.93112e-05 0.818731 0.808965 0.792946 0.771052 0.743787 0.71177 0.675704 0.636354 0.594521 0.551011 0.506617 0.462088 0.418114 0.375311 0.334205 0.29523 0.258722 0.224922 0.19398 0.165961 0.140858 0.1186 0.0990629 0.082085 0.0674749 0.0550232 0.0445118 0.0357216 0.0284388 0.0224604 0.0175975 0.0136775 0.0105461 0.00806679 0.00612118 0.00460782 0.00344098 0.00254914 0.0018734 0.00136582 0.00098783 0.000708755 0.000504471 0.000356206 0.000249513 0.000173384 0.000119523 8.17373e-05 5.54516e-05 3.73193e-05 0.771052 0.761854 0.746769 0.726149 0.700473 0.67032 0.636354 0.599296 0.559898 0.518923 0.477114 0.435178 0.393765 0.353455 0.314743 0.278037 0.243655 0.211824 0.182684 0.156297 0.132655 0.111693 0.093294 0.0773047 0.0635454 0.0518189 0.0419197 0.0336413 0.0267827 0.0211524 0.0165727 0.012881 0.00993193 0.00759701 0.00576471 0.00433948 0.00324059 0.00240069 0.0017643 0.00128628 0.000930303 0.000667481 0.000475093 0.000335463 0.000234982 0.000163287 0.000112563 7.69773e-05 5.22223e-05 3.5146e-05 0.720363 0.71177 0.697676 0.678412 0.654424 0.626254 0.594521 0.559898 0.523091 0.484809 0.445749 0.40657 0.367879 0.330219 0.294052 0.259759 0.227638 0.197899 0.170674 0.146022 0.123935 0.10435 0.0871609 0.0722228 0.059368 0.0484124 0.0391639 0.0314298 0.025022 0.0197619 0.0154832 0.0120342 0.00927901 0.00709759 0.00538574 0.00405421 0.00302755 0.00224287 0.00164832 0.00120172 0.000869146 0.000623601 0.000443861 0.000313409 0.000219535 0.000152553 0.000105163 7.19168e-05 4.87893e-05 3.28355e-05 0.667644 0.65968 0.646618 0.628764 0.606531 0.580422 0.551011 0.518923 0.484809 0.449329 0.413127 0.376815 0.340957 0.306052 0.272532 0.240749 0.210978 0.183416 0.158183 0.135335 0.114865 0.0967137 0.0807821 0.0669372 0.0550232 0.0448694 0.0362977 0.0291296 0.0231908 0.0183156 0.0143501 0.0111535 0.00859994 0.00657816 0.00499159 0.00375751 0.00280599 0.00207873 0.00152769 0.00111378 0.000805538 0.000577963 0.000411377 0.000290473 0.000203468 0.000141388 9.74667e-05 6.66537e-05 4.52187e-05 3.04325e-05 0.613853 0.606531 0.594521 0.578105 0.557663 0.533658 0.506617 0.477114 0.445749 0.413127 0.379842 0.346456 0.313486 0.281394 0.250574 0.221352 0.19398 0.168638 0.145439 0.124431 0.10561 0.0889216 0.0742736 0.0615442 0.0505901 0.0412543 0.0333733 0.0267827 0.0213223 0.01684 0.0131939 0.0102549 0.00790705 0.00604817 0.00458943 0.00345477 0.00257991 0.00191125 0.0014046 0.00102404 0.000740637 0.000531398 0.000378233 0.00026707 0.000187075 0.000129997 8.96139e-05 6.12835e-05 4.15755e-05 2.79806e-05 0.559898 0.55322 0.542265 0.527292 0.508648 0.486752 0.462088 0.435178 0.40657 0.376815 0.346456 0.316004 0.285932 0.256661 0.22855 0.201897 0.17693 0.153816 0.132655 0.113495 0.0963276 0.0811059 0.0677453 0.0561348 0.0461435 0.0376283 0.0304399 0.0244286 0.0194482 0.0153598 0.0120342 0.00935354 0.00721206 0.00551656 0.00418604 0.00315111 0.00235315 0.00174326 0.00128115 0.000934032 0.000675539 0.000484691 0.000344988 0.000243596 0.000170632 0.000118571 8.17373e-05 5.5897e-05 3.79212e-05 2.55212e-05 0.506617 0.500574 0.490662 0.477114 0.460243 0.440432 0.418114 0.393765 0.367879 0.340957 0.313486 0.285932 0.258722 0.232236 0.206801 0.182684 0.160093 0.139178 0.120032 0.102694 0.0871609 0.0733876 0.0612985 0.0507928 0.0417523 0.0340475 0.0275432 0.0221039 0.0175975 0.0138981 0.010889 0.00846344 0.00652575 0.00499159 0.00378769 0.00285124 0.00212922 0.00157736 0.00115923 0.000845147 0.000611253 0.000438566 0.000312158 0.000220415 0.000154394 0.000107287 7.3959e-05 5.05777e-05 3.43125e-05 2.30926e-05 0.454753 0.449329 0.440432 0.428271 0.413127 0.395344 0.375311 0.353455 0.330219 0.306052 0.281394 0.256661 0.232236 0.208462 0.18563 0.163982 0.143704 0.12493 0.107744 0.0921811 0.078238 0.0658748 0.0550232 0.045593 0.037478 0.0305619 0.0247235 0.0198411 0.015796 0.0124754 0.00977429 0.00759701 0.00585769 0.00448059 0.00339993 0.00255936 0.00191125 0.00141589 0.00104056 0.000758627 0.000548677 0.000393669 0.000280202 0.00019785 0.000138589 9.63041e-05 6.63876e-05 4.53999e-05 3.07999e-05 2.07285e-05 0.404947 0.400116 0.392193 0.381364 0.367879 0.352044 0.334205 0.314743 0.294052 0.272532 0.250574 0.22855 0.206801 0.18563 0.165299 0.146022 0.127965 0.111247 0.0959431 0.082085 0.069669 0.0586598 0.0489968 0.0405995 0.0333733 0.0272146 0.0220157 0.017668 0.0140659 0.011109 0.00870376 0.00676495 0.00521613 0.00398986 0.00302755 0.00227904 0.00170192 0.00126081 0.000926589 0.000675539 0.000488584 0.000350553 0.000249513 0.000176181 0.00012341 8.57564e-05 5.91165e-05 4.04275e-05 2.74265e-05 1.84582e-05 0.357722 0.353455 0.346456 0.33689 0.324977 0.310988 0.29523 0.278037 0.259759 0.240749 0.221352 0.201897 0.182684 0.163982 0.146022 0.128993 0.113042 0.0982736 0.0847542 0.0725122 0.0615442 0.0518189 0.0432828 0.0358648 0.0294813 0.0240409 0.0194482 0.0156076 0.0124256 0.00981346 0.00768873 0.00597602 0.00460782 0.00352456 0.00267448 0.00201326 0.00150344 0.00111378 0.00081853 0.000596757 0.000431605 0.000309671 0.000220415 0.000155635 0.000109018 7.57555e-05 5.22223e-05 3.57128e-05 2.4228e-05 1.63056e-05 0.313486 0.309747 0.303613 0.29523 0.284791 0.272532 0.258722 0.243655 0.227638 0.210978 0.19398 0.17693 0.160093 0.143704 0.127965 0.113042 0.0990629 0.0861212 0.0742736 0.0635454 0.0539337 0.045411 0.0379305 0.0314298 0.0258356 0.021068 0.0170433 0.0136775 0.010889 0.00859994 0.00673795 0.00523703 0.00403802 0.00308872 0.00234376 0.0017643 0.00131753 0.000976047 0.000717312 0.000522963 0.000378233 0.000271377 0.000193158 0.000136389 9.55367e-05 6.63876e-05 4.57646e-05 3.12966e-05 2.1232e-05 1.42893e-05 0.272532 0.269281 0.263949 0.256661 0.247585 0.236928 0.224922 0.211824 0.197899 0.183416 0.168638 0.153816 0.139178 0.12493 0.111247 0.0982736 0.0861212 0.0748701 0.0645703 0.0552438 0.0468877 0.0394785 0.0329752 0.0273237 0.0224604 0.0183156 0.0148167 0.0118907 0.00946646 0.00747643 0.00585769 0.00455286 0.00351049 0.0026852 0.00203756 0.00153381 0.0011454 0.000848534 0.000623601 0.000454642 0.00032882 0.000235924 0.000167924 0.000118571 8.30556e-05 5.77146e-05 3.97858e-05 2.7208e-05 1.84582e-05 1.24225e-05 0.23504 0.232236 0.227638 0.221352 0.213525 0.204334 0.19398 0.182684 0.170674 0.158183 0.145439 0.132655 0.120032 0.107744 0.0959431 0.0847542 0.0742736 0.0645703 0.0556875 0.0476439 0.0404374 0.0340475 0.0284388 0.0235648 0.0193706 0.015796 0.0127784 0.0102549 0.00816417 0.00644791 0.00505185 0.00392653 0.00302755 0.0023158 0.00175726 0.00132281 0.00098783 0.000731802 0.000537813 0.000392098 0.000283585 0.000203468 0.000144823 0.000102259 7.16298e-05 4.97749e-05 3.43125e-05 2.3465e-05 1.5919e-05 1.07136e-05 0.201091 0.198692 0.194758 0.18938 0.182684 0.17482 0.165961 0.156297 0.146022 0.135335 0.124431 0.113495 0.102694 0.0921811 0.082085 0.0725122 0.0635454 0.0552438 0.0476439 0.0407622 0.0345966 0.0291296 0.0243311 0.0201611 0.0165727 0.0135144 0.0109327 0.00877367 0.00698493 0.00551656 0.00432216 0.00335938 0.00259025 0.0019813 0.00150344 0.00113174 0.000845147 0.0006261 0.000460131 0.000335463 0.000242623 0.000174079 0.000123904 8.74888e-05 6.12835e-05 4.25854e-05 2.93564e-05 2.00757e-05 1.36196e-05 9.16609e-06 0.170674 0.168638 0.165299 0.160735 0.155051 0.148377 0.140858 0.132655 0.123935 0.114865 0.10561 0.0963276 0.0871609 0.078238 0.069669 0.0615442 0.0539337 0.0468877 0.0404374 0.0345966 0.0293636 0.0247235 0.0206508 0.0171116 0.0140659 0.0114702 0.00927901 0.00744658 0.00592841 0.00468214 0.0036684 0.00285124 0.00219846 0.00168162 0.00127603 0.000960554 0.000717312 0.000531398 0.000390532 0.000284721 0.000205925 0.000147748 0.000105163 7.42554e-05 5.20139e-05 3.6144e-05 2.4916e-05 1.70391e-05 1.15595e-05 7.77964e-06 0.143704 0.14199 0.139178 0.135335 0.13055 0.12493 0.1186 0.111693 0.10435 0.0967137 0.0889216 0.0811059 0.0733876 0.0658748 0.0586598 0.0518189 0.045411 0.0394785 0.0340475 0.0291296 0.0247235 0.0208167 0.0173876 0.0144076 0.0118432 0.0096577 0.00781274 0.00626987 0.00499159 0.00394226 0.00308872 0.00240069 0.00185105 0.00141589 0.00107439 0.000808767 0.000603962 0.000447426 0.00032882 0.000239729 0.000173384 0.000124401 8.8545e-05 6.25215e-05 4.37946e-05 3.04325e-05 2.09788e-05 1.43466e-05 9.73289e-06 6.5503e-06 0.120032 0.1186 0.116251 0.113042 0.109044 0.10435 0.0990629 0.093294 0.0871609 0.0807821 0.0742736 0.0677453 0.0612985 0.0550232 0.0489968 0.0432828 0.0379305 0.0329752 0.0284388 0.0243311 0.0206508 0.0173876 0.0145233 0.0120342 0.00989229 0.00806679 0.00652575 0.00523703 0.00416933 0.00329286 0.00257991 0.00200522 0.00154613 0.00118265 0.000897408 0.000675539 0.000504471 0.000373721 0.000274654 0.000200239 0.000144823 0.000103908 7.3959e-05 5.22223e-05 3.65803e-05 2.54193e-05 1.75229e-05 1.19833e-05 8.12959e-06 5.47127e-06 0.09946 0.0982736 0.0963276 0.0936679 0.0903558 0.0864663 0.082085 0.0773047 0.0722228 0.0669372 0.0615442 0.0561348 0.0507928 0.045593 0.0405995 0.0358648 0.0314298 0.0273237 0.0235648 0.0201611 0.0171116 0.0144076 0.0120342 0.00997174 0.00819689 0.00668426 0.00540733 0.00433948 0.00345477 0.00272851 0.00213775 0.00166156 0.00128115 0.000979959 0.000743605 0.000559761 0.000418012 0.000309671 0.000227582 0.000165921 0.000120002 8.61001e-05 6.12835e-05 4.32722e-05 3.0311e-05 2.10628e-05 1.45198e-05 9.9295e-06 6.7363e-06 4.53357e-06 0.0817573 0.0807821 0.0791825 0.0769961 0.0742736 0.0710764 0.0674749 0.0635454 0.059368 0.0550232 0.0505901 0.0461435 0.0417523 0.037478 0.0333733 0.0294813 0.0258356 0.0224604 0.0193706 0.0165727 0.0140659 0.0118432 0.00989229 0.00819689 0.00673795 0.00549454 0.00444489 0.00356711 0.00283986 0.00224287 0.00175726 0.00136582 0.00105312 0.000805538 0.000611253 0.000460131 0.000343611 0.000254553 0.000187075 0.000136389 9.86433e-05 7.07753e-05 5.03758e-05 3.55703e-05 2.4916e-05 1.73139e-05 1.19354e-05 8.16217e-06 5.53732e-06 3.72665e-06 0.06667 0.0658748 0.0645703 0.0627875 0.0605673 0.0579601 0.0550232 0.0518189 0.0484124 0.0448694 0.0412543 0.0376283 0.0340475 0.0305619 0.0272146 0.0240409 0.021068 0.0183156 0.015796 0.0135144 0.0114702 0.0096577 0.00806679 0.00668426 0.00549454 0.00448059 0.00362464 0.00290884 0.0023158 0.00182897 0.00143298 0.00111378 0.000858778 0.000656886 0.000498454 0.000375219 0.000280202 0.000207579 0.000152553 0.00011122 8.04399e-05 5.77146e-05 4.10796e-05 2.90062e-05 2.03181e-05 1.41188e-05 9.73289e-06 6.65595e-06 4.51548e-06 3.03895e-06 0.0539337 0.0532904 0.0522351 0.0507928 0.0489968 0.0468877 0.0445118 0.0419197 0.0391639 0.0362977 0.0333733 0.0304399 0.0275432 0.0247235 0.0220157 0.0194482 0.0170433 0.0148167 0.0127784 0.0109327 0.00927901 0.00781274 0.00652575 0.00540733 0.00444489 0.00362464 0.00293221 0.00235315 0.0018734 0.00147958 0.00115923 0.000901005 0.000694721 0.000531398 0.000403231 0.000303539 0.000226673 0.000167924 0.00012341 8.99731e-05 6.50731e-05 4.66891e-05 3.32319e-05 2.3465e-05 1.64366e-05 1.14216e-05 7.87356e-06 5.38443e-06 3.65286e-06 2.4584e-06 0.0432828 0.0427665 0.0419197 0.0407622 0.0393209 0.0376283 0.0357216 0.0336413 0.0314298 0.0291296 0.0267827 0.0244286 0.0221039 0.0198411 0.017668 0.0156076 0.0136775 0.0118907 0.0102549 0.00877367 0.00744658 0.00626987 0.00523703 0.00433948 0.00356711 0.00290884 0.00235315 0.00188845 0.00150344 0.00118739 0.000930303 0.000723073 0.000557527 0.000426457 0.000323601 0.000243596 0.00018191 0.000134762 9.90387e-05 7.22051e-05 5.22223e-05 3.74689e-05 2.66692e-05 1.88311e-05 1.31907e-05 9.16609e-06 6.31868e-06 4.3211e-06 2.93149e-06 1.97291e-06 0.0344585 0.0340475 0.0333733 0.0324518 0.0313043 0.0299568 0.0284388 0.0267827 0.025022 0.0231908 0.0213223 0.0194482 0.0175975 0.015796 0.0140659 0.0124256 0.010889 0.00946646 0.00816417 0.00698493 0.00592841 0.00499159 0.00416933 0.00345477 0.00283986 0.0023158 0.0018734 0.00150344 0.00119692 0.000945308 0.000740637 0.000575656 0.000443861 0.000339512 0.000257626 0.000193933 0.000144823 0.000107287 7.88471e-05 5.74842e-05 4.15755e-05 2.98299e-05 2.1232e-05 1.49919e-05 1.05014e-05 7.29734e-06 5.03046e-06 3.44013e-06 2.33383e-06 1.57068e-06 0.0272146 0.02689 0.0263576 0.0256298 0.0247235 0.0236593 0.0224604 0.0211524 0.0197619 0.0183156 0.01684 0.0153598 0.0138981 0.0124754 0.011109 0.00981346 0.00859994 0.00747643 0.00644791 0.00551656 0.00468214 0.00394226 0.00329286 0.00272851 0.00224287 0.00182897 0.00147958 0.00118739 0.000945308 0.000746586 0.000584941 0.000454642 0.000350553 0.00026814 0.000203468 0.000153164 0.000114378 8.47335e-05 6.22719e-05 4.53999e-05 3.28355e-05 2.35591e-05 1.67686e-05 1.18403e-05 8.29382e-06 5.7633e-06 3.97296e-06 2.71695e-06 1.84321e-06 1.2405e-06 0.0213223 0.021068 0.0206508 0.0200806 0.0193706 0.0185368 0.0175975 0.0165727 0.0154832 0.0143501 0.0131939 0.0120342 0.010889 0.00977429 0.00870376 0.00768873 0.00673795 0.00585769 0.00505185 0.00432216 0.0036684 0.00308872 0.00257991 0.00213775 0.00175726 0.00143298 0.00115923 0.000930303 0.000740637 0.000584941 0.000458294 0.000356206 0.000274654 0.000210085 0.000159415 0.000120002 8.96139e-05 6.63876e-05 4.87893e-05 3.55703e-05 2.57262e-05 1.84582e-05 1.3138e-05 9.27674e-06 6.4981e-06 4.51548e-06 3.11276e-06 2.1287e-06 1.44414e-06 9.71913e-07 0.0165727 0.016375 0.0160507 0.0156076 0.0150557 0.0144076 0.0136775 0.012881 0.0120342 0.0111535 0.0102549 0.00935354 0.00846344 0.00759701 0.00676495 0.00597602 0.00523703 0.00455286 0.00392653 0.00335938 0.00285124 0.00240069 0.00200522 0.00166156 0.00136582 0.00111378 0.000901005 0.000723073 0.000575656 0.000454642 0.000356206 0.00027686 0.000213473 0.000163287 0.000123904 9.32711e-05 6.96519e-05 5.15994e-05 3.79212e-05 2.76468e-05 1.99956e-05 1.43466e-05 1.02115e-05 7.2103e-06 5.05062e-06 3.50963e-06 2.41938e-06 1.65452e-06 1.12245e-06 7.55414e-07 0.0127784 0.012626 0.012376 0.0120342 0.0116087 0.011109 0.0105461 0.00993193 0.00927901 0.00859994 0.00790705 0.00721206 0.00652575 0.00585769 0.00521613 0.00460782 0.00403802 0.00351049 0.00302755 0.00259025 0.00219846 0.00185105 0.00154613 0.00128115 0.00105312 0.000858778 0.000694721 0.000557527 0.000443861 0.000350553 0.000274654 0.000213473 0.000164599 0.000125903 9.55367e-05 7.19168e-05 5.37052e-05 3.97858e-05 2.92392e-05 2.13171e-05 1.54176e-05 1.10619e-05 7.87356e-06 5.55951e-06 3.89429e-06 2.70611e-06 1.86547e-06 1.27572e-06 8.65464e-07 5.82463e-07 0.00977429 0.0096577 0.00946646 0.00920508 0.00887959 0.00849736 0.00806679 0.00759701 0.00709759 0.00657816 0.00604817 0.00551656 0.00499159 0.00448059 0.00398986 0.00352456 0.00308872 0.0026852 0.0023158 0.0019813 0.00168162 0.00141589 0.00118265 0.000979959 0.000805538 0.000656886 0.000531398 0.000426457 0.000339512 0.00026814 0.000210085 0.000163287 0.000125903 9.63041e-05 7.30768e-05 5.50098e-05 4.10796e-05 3.04325e-05 2.23653e-05 1.63056e-05 1.17931e-05 8.46137e-06 6.02255e-06 4.25251e-06 2.97877e-06 2.06992e-06 1.42691e-06 9.75808e-07 6.62e-07 4.45531e-07 0.00741686 0.00732839 0.00718327 0.00698493 0.00673795 0.00644791 0.00612118 0.00576471 0.00538574 0.00499159 0.00458943 0.00418604 0.00378769 0.00339993 0.00302755 0.00267448 0.00234376 0.00203756 0.00175726 0.00150344 0.00127603 0.00107439 0.000897408 0.000743605 0.000611253 0.000498454 0.000403231 0.000323601 0.000257626 0.000203468 0.000159415 0.000123904 9.55367e-05 7.30768e-05 5.54516e-05 4.17421e-05 3.11717e-05 2.30926e-05 1.69711e-05 1.23729e-05 8.94872e-06 6.42059e-06 4.56999e-06 3.22686e-06 2.26033e-06 1.57068e-06 1.08276e-06 7.40456e-07 5.02334e-07 3.38074e-07 0.00558316 0.00551656 0.00540733 0.00525802 0.0050721 0.00485377 0.00460782 0.00433948 0.00405421 0.00375751 0.00345477 0.00315111 0.00285124 0.00255936 0.00227904 0.00201326 0.0017643 0.00153381 0.00132281 0.00113174 0.000960554 0.000808767 0.000675539 0.000559761 0.000460131 0.000375219 0.000303539 0.000243596 0.000193933 0.000153164 0.000120002 9.32711e-05 7.19168e-05 5.50098e-05 4.17421e-05 3.14221e-05 2.3465e-05 1.73833e-05 1.27753e-05 9.31392e-06 6.7363e-06 4.83321e-06 3.44013e-06 2.42908e-06 1.7015e-06 1.18236e-06 8.15063e-07 5.5739e-07 3.78141e-07 2.54491e-07 0.00416933 0.0041196 0.00403802 0.00392653 0.00378769 0.00362464 0.00344098 0.00324059 0.00302755 0.00280599 0.00257991 0.00235315 0.00212922 0.00191125 0.00170192 0.00150344 0.00131753 0.0011454 0.00098783 0.000845147 0.000717312 0.000603962 0.000504471 0.000418012 0.000343611 0.000280202 0.000226673 0.00018191 0.000144823 0.000114378 8.96139e-05 6.96519e-05 5.37052e-05 4.10796e-05 3.11717e-05 2.3465e-05 1.75229e-05 1.29813e-05 9.54016e-06 6.95535e-06 5.03046e-06 3.60929e-06 2.56898e-06 1.81396e-06 1.27063e-06 8.82948e-07 6.08664e-07 4.16242e-07 2.82383e-07 1.90046e-07 0.00308872 0.00305187 0.00299144 0.00290884 0.00280599 0.0026852 0.00254914 0.00240069 0.00224287 0.00207873 0.00191125 0.00174326 0.00157736 0.00141589 0.00126081 0.00111378 0.000976047 0.000848534 0.000731802 0.0006261 0.000531398 0.000447426 0.000373721 0.000309671 0.000254553 0.000207579 0.000167924 0.000134762 0.000107287 8.47335e-05 6.63876e-05 5.15994e-05 3.97858e-05 3.04325e-05 2.30926e-05 1.73833e-05 1.29813e-05 9.61679e-06 7.06753e-06 5.15265e-06 3.72665e-06 2.67383e-06 1.90315e-06 1.34381e-06 9.41304e-07 6.54104e-07 4.50909e-07 3.08359e-07 2.09195e-07 1.40789e-07 0.00226994 0.00224287 0.00219846 0.00213775 0.00206216 0.00197339 0.0018734 0.0017643 0.00164832 0.00152769 0.0014046 0.00128115 0.00115923 0.00104056 0.000926589 0.00081853 0.000717312 0.000623601 0.000537813 0.000460131 0.000390532 0.00032882 0.000274654 0.000227582 0.000187075 0.000152553 0.00012341 9.90387e-05 7.88471e-05 6.22719e-05 4.87893e-05 3.79212e-05 2.92392e-05 2.23653e-05 1.69711e-05 1.27753e-05 9.54016e-06 7.06753e-06 5.19403e-06 3.78676e-06 2.73877e-06 1.96504e-06 1.39865e-06 9.87588e-07 6.91779e-07 4.80711e-07 3.3138e-07 2.26618e-07 1.5374e-07 1.03468e-07 0.00165492 0.00163518 0.00160281 0.00155855 0.00150344 0.00143872 0.00136582 0.00128628 0.00120172 0.00111378 0.00102404 0.000934032 0.000845147 0.000758627 0.000675539 0.000596757 0.000522963 0.000454642 0.000392098 0.000335463 0.000284721 0.000239729 0.000200239 0.000165921 0.000136389 0.00011122 8.99731e-05 7.22051e-05 5.74842e-05 4.53999e-05 3.55703e-05 2.76468e-05 2.13171e-05 1.63056e-05 1.23729e-05 9.31392e-06 6.95535e-06 5.15265e-06 3.78676e-06 2.76077e-06 1.99673e-06 1.43263e-06 1.0197e-06 7.20011e-07 5.04348e-07 3.50467e-07 2.41596e-07 1.65218e-07 1.12086e-07 7.54346e-08 0.00119692 0.00118265 0.00115923 0.00112722 0.00108736 0.00104056 0.00098783 0.000930303 0.000869146 0.000805538 0.000740637 0.000675539 0.000611253 0.000548677 0.000488584 0.000431605 0.000378233 0.00032882 0.000283585 0.000242623 0.000205925 0.000173384 0.000144823 0.000120002 9.86433e-05 8.04399e-05 6.50731e-05 5.22223e-05 4.15755e-05 3.28355e-05 2.57262e-05 1.99956e-05 1.54176e-05 1.17931e-05 8.94872e-06 6.7363e-06 5.03046e-06 3.72665e-06 2.73877e-06 1.99673e-06 1.44414e-06 1.03615e-06 7.375e-07 5.20748e-07 3.6477e-07 2.53475e-07 1.74734e-07 1.19494e-07 8.10662e-08 5.45581e-08 0.000858778 0.000848534 0.000831732 0.000808767 0.000780169 0.000746586 0.000708755 0.000667481 0.000623601 0.000577963 0.000531398 0.000484691 0.000438566 0.000393669 0.000350553 0.000309671 0.000271377 0.000235924 0.000203468 0.000174079 0.000147748 0.000124401 0.000103908 8.61001e-05 7.07753e-05 5.77146e-05 4.66891e-05 3.74689e-05 2.98299e-05 2.35591e-05 1.84582e-05 1.43466e-05 1.10619e-05 8.46137e-06 6.42059e-06 4.83321e-06 3.60929e-06 2.67383e-06 1.96504e-06 1.43263e-06 1.03615e-06 7.43423e-07 5.29147e-07 3.7363e-07 2.61718e-07 1.81865e-07 1.2537e-07 8.57354e-08 5.8164e-08 3.91447e-08 0.000611253 0.000603962 0.000592002 0.000575656 0.000555301 0.000531398 0.000504471 0.000475093 0.000443861 0.000411377 0.000378233 0.000344988 0.000312158 0.000280202 0.000249513 0.000220415 0.000193158 0.000167924 0.000144823 0.000123904 0.000105163 8.8545e-05 7.3959e-05 6.12835e-05 5.03758e-05 4.10796e-05 3.32319e-05 2.66692e-05 2.1232e-05 1.67686e-05 1.3138e-05 1.02115e-05 7.87356e-06 6.02255e-06 4.56999e-06 3.44013e-06 2.56898e-06 1.90315e-06 1.39865e-06 1.0197e-06 7.375e-07 5.29147e-07 3.76631e-07 2.65939e-07 1.86283e-07 1.29446e-07 8.92343e-08 6.10239e-08 4.13994e-08 2.78621e-08 0.000431605 0.000426457 0.000418012 0.00040647 0.000392098 0.000375219 0.000356206 0.000335463 0.000313409 0.000290473 0.00026707 0.000243596 0.000220415 0.00019785 0.000176181 0.000155635 0.000136389 0.000118571 0.000102259 8.74888e-05 7.42554e-05 6.25215e-05 5.22223e-05 4.32722e-05 3.55703e-05 2.90062e-05 2.3465e-05 1.88311e-05 1.49919e-05 1.18403e-05 9.27674e-06 7.2103e-06 5.55951e-06 4.25251e-06 3.22686e-06 2.42908e-06 1.81396e-06 1.34381e-06 9.87588e-07 7.20011e-07 5.20748e-07 3.7363e-07 2.65939e-07 1.87779e-07 1.31534e-07 9.14019e-08 6.30083e-08 4.30889e-08 2.92321e-08 1.96734e-08 0.000302327 0.000298721 0.000292806 0.000284721 0.000274654 0.000262831 0.000249513 0.000234982 0.000219535 0.000203468 0.000187075 0.000170632 0.000154394 0.000138589 0.00012341 0.000109018 9.55367e-05 8.30556e-05 7.16298e-05 6.12835e-05 5.20139e-05 4.37946e-05 3.65803e-05 3.0311e-05 2.4916e-05 2.03181e-05 1.64366e-05 1.31907e-05 1.05014e-05 8.29382e-06 6.4981e-06 5.05062e-06 3.89429e-06 2.97877e-06 2.26033e-06 1.7015e-06 1.27063e-06 9.41304e-07 6.91779e-07 5.04348e-07 3.6477e-07 2.61718e-07 1.86283e-07 1.31534e-07 9.2136e-08 6.40245e-08 4.41356e-08 3.01826e-08 2.04763e-08 1.37807e-08 0.000210085 0.000207579 0.000203468 0.00019785 0.000190854 0.000182639 0.000173384 0.000163287 0.000152553 0.000141388 0.000129997 0.000118571 0.000107287 9.63041e-05 8.57564e-05 7.57555e-05 6.63876e-05 5.77146e-05 4.97749e-05 4.25854e-05 3.6144e-05 3.04325e-05 2.54193e-05 2.10628e-05 1.73139e-05 1.41188e-05 1.14216e-05 9.16609e-06 7.29734e-06 5.7633e-06 4.51548e-06 3.50963e-06 2.70611e-06 2.06992e-06 1.57068e-06 1.18236e-06 8.82948e-07 6.54104e-07 4.80711e-07 3.50467e-07 2.53475e-07 1.81865e-07 1.29446e-07 9.14019e-08 6.40245e-08 4.44901e-08 3.06694e-08 2.09736e-08 1.42288e-08 9.57606e-09 0.000144823 0.000143095 0.000140262 0.000136389 0.000131566 0.000125903 0.000119523 0.000112563 0.000105163 9.74667e-05 8.96139e-05 8.17373e-05 7.3959e-05 6.63876e-05 5.91165e-05 5.22223e-05 4.57646e-05 3.97858e-05 3.43125e-05 2.93564e-05 2.4916e-05 2.09788e-05 1.75229e-05 1.45198e-05 1.19354e-05 9.73289e-06 7.87356e-06 6.31868e-06 5.03046e-06 3.97296e-06 3.11276e-06 2.41938e-06 1.86547e-06 1.42691e-06 1.08276e-06 8.15063e-07 6.08664e-07 4.50909e-07 3.3138e-07 2.41596e-07 1.74734e-07 1.2537e-07 8.92343e-08 6.30083e-08 4.41356e-08 3.06694e-08 2.11421e-08 1.44583e-08 9.80866e-09 6.60129e-09 9.90387e-05 9.78573e-05 9.59196e-05 9.32711e-05 8.99731e-05 8.61001e-05 8.17373e-05 7.69773e-05 7.19168e-05 6.66537e-05 6.12835e-05 5.5897e-05 5.05777e-05 4.53999e-05 4.04275e-05 3.57128e-05 3.12966e-05 2.7208e-05 2.3465e-05 2.00757e-05 1.70391e-05 1.43466e-05 1.19833e-05 9.9295e-06 8.16217e-06 6.65595e-06 5.38443e-06 4.3211e-06 3.44013e-06 2.71695e-06 2.1287e-06 1.65452e-06 1.27572e-06 9.75808e-07 7.40456e-07 5.5739e-07 4.16242e-07 3.08359e-07 2.26618e-07 1.65218e-07 1.19494e-07 8.57354e-08 6.10239e-08 4.30889e-08 3.01826e-08 2.09736e-08 1.44583e-08 9.88745e-09 6.70777e-09 4.51437e-09 6.71891e-05 6.63876e-05 6.50731e-05 6.32763e-05 6.10389e-05 5.84114e-05 5.54516e-05 5.22223e-05 4.87893e-05 4.52187e-05 4.15755e-05 3.79212e-05 3.43125e-05 3.07999e-05 2.74265e-05 2.4228e-05 2.1232e-05 1.84582e-05 1.5919e-05 1.36196e-05 1.15595e-05 9.73289e-06 8.12959e-06 6.7363e-06 5.53732e-06 4.51548e-06 3.65286e-06 2.93149e-06 2.33383e-06 1.84321e-06 1.44414e-06 1.12245e-06 8.65464e-07 6.62e-07 5.02334e-07 3.78141e-07 2.82383e-07 2.09195e-07 1.5374e-07 1.12086e-07 8.10662e-08 5.8164e-08 4.13994e-08 2.92321e-08 2.04763e-08 1.42288e-08 9.80866e-09 6.70777e-09 4.55063e-09 3.0626e-09 4.52187e-05 4.46793e-05 4.37946e-05 4.25854e-05 4.10796e-05 3.93112e-05 3.73193e-05 3.5146e-05 3.28355e-05 3.04325e-05 2.79806e-05 2.55212e-05 2.30926e-05 2.07285e-05 1.84582e-05 1.63056e-05 1.42893e-05 1.24225e-05 1.07136e-05 9.16609e-06 7.77964e-06 6.5503e-06 5.47127e-06 4.53357e-06 3.72665e-06 3.03895e-06 2.4584e-06 1.97291e-06 1.57068e-06 1.2405e-06 9.71913e-07 7.55414e-07 5.82463e-07 4.45531e-07 3.38074e-07 2.54491e-07 1.90046e-07 1.40789e-07 1.03468e-07 7.54346e-08 5.45581e-08 3.91447e-08 2.78621e-08 1.96734e-08 1.37807e-08 9.57606e-09 6.60129e-09 4.51437e-09 3.0626e-09 2.06115e-09 
