1.04365 1.05491 1.07104 1.09046 1.11241 1.13626 1.16187 1.18876 1.2169 1.24604 1.27605 1.30688 1.33836 1.3704 1.40295 1.43586 1.46902 1.50242 1.53581 1.5693 1.60255 1.63557 1.66818 1.7003 1.73173 1.76228 1.79178 1.82011 1.84698 1.87219 1.89538 1.91645 1.93488 1.95045 1.96268 1.97109 1.97522 1.97439 1.96789 1.95488 1.93425 1.90468 1.86452 1.81129 1.74193 1.6512 1.53078 1.36475 1.11859 0.703754 1.05491 1.08054 1.11397 1.1532 1.19693 1.24437 1.29485 1.34787 1.40319 1.4604 1.51929 1.57951 1.64097 1.7035 1.76674 1.83065 1.89499 1.95966 2.02433 2.08882 2.15294 2.21636 2.27884 2.3401 2.39996 2.45799 2.51394 2.56729 2.6176 2.6644 2.70726 2.74556 2.77861 2.80585 2.82636 2.83926 2.84339 2.83767 2.82067 2.79058 2.74546 2.68274 2.59929 2.49072 2.35124 2.17248 1.94157 1.63805 1.22784 0.655975 1.07104 1.11397 1.16631 1.22625 1.29213 1.36304 1.4381 1.51667 1.59839 1.68269 1.76921 1.85768 1.94773 2.03906 2.13148 2.22462 2.31823 2.41211 2.50584 2.5991 2.69163 2.78289 2.87272 2.96051 3.04599 3.12861 3.2079 3.28309 3.35375 3.41896 3.47812 3.5303 3.57456 3.60998 3.63525 3.64901 3.64981 3.63581 3.60496 3.55491 3.48267 3.38473 3.25678 3.09308 2.88621 2.6263 2.29938 1.88643 1.36114 0.692256 1.09046 1.1532 1.22625 1.30777 1.39628 1.49076 1.59022 1.69395 1.80139 1.91197 2.02517 2.14067 2.25799 2.37675 2.49669 2.61734 2.73838 2.8595 2.98022 3.10011 3.21878 3.33566 3.45025 3.56202 3.67049 3.77494 3.87475 3.96903 4.05695 4.13755 4.20995 4.27296 4.32536 4.36586 4.39284 4.40452 4.39904 4.37401 4.32685 4.25461 4.15359 4.01952 3.84724 3.63019 3.36024 3.02713 2.61761 2.11515 1.50005 0.751853 1.11241 1.19693 1.29213 1.39628 1.50809 1.62629 1.75009 1.8787 2.01126 2.14743 2.28642 2.42785 2.57121 2.71605 2.86198 3.00846 3.15527 3.30169 3.44742 3.59193 3.73452 3.87471 4.01181 4.14523 4.27421 4.39792 4.51553 4.62615 4.72865 4.82196 4.90476 4.97583 5.03367 5.07645 5.10254 5.10961 5.09539 5.05716 4.99182 4.8959 4.76514 4.59493 4.37926 4.11139 3.78303 3.38398 2.90237 2.32411 1.63365 0.815057 1.13626 1.24437 1.36304 1.49076 1.62629 1.76862 1.91674 2.0699 2.22713 2.38806 2.55203 2.71831 2.88656 3.05626 3.22673 3.39765 3.56853 3.73858 3.90745 4.07448 4.23907 4.40045 4.55783 4.71048 4.85759 4.9982 5.13131 5.25578 5.37033 5.47369 5.5645 5.64112 5.70185 5.74453 5.76726 5.76757 5.74257 5.68939 5.60459 5.48402 5.32335 5.1174 4.85987 4.54391 4.16129 3.7026 3.15699 2.51246 1.75617 0.874673 1.16187 1.29485 1.4381 1.59022 1.75009 1.91674 2.08918 2.26661 2.44812 2.63324 2.82133 3.0116 3.20365 3.39691 3.59063 3.78447 3.97782 4.16986 4.36012 4.54787 4.73244 4.91298 5.0886 5.25847 5.42148 5.57676 5.72294 5.85892 5.98322 6.09437 6.19083 6.27071 6.33208 6.37257 6.38999 6.38164 6.34432 6.27487 6.16951 6.02384 5.83324 5.59227 5.2945 4.93308 4.50002 3.98654 3.38293 2.67898 1.86431 0.927412 1.18876 1.34787 1.51667 1.69395 1.8787 2.0699 2.26661 2.46805 2.67349 2.88225 3.09366 3.30712 3.52192 3.73748 3.95324 4.16857 4.38282 4.59532 4.80531 5.01201 5.21466 5.41243 5.6043 5.78933 5.96629 6.13402 6.29119 6.43653 6.56845 6.68534 6.78534 6.8664 6.92638 6.96288 6.97329 6.95467 6.90381 6.81704 6.69036 6.51938 6.2991 6.02392 5.68759 5.2831 4.80275 4.23823 3.58081 2.82181 1.95386 0.970614 1.2169 1.40319 1.59839 1.80139 2.01126 2.22713 2.44812 2.67349 2.90234 3.1342 3.36836 3.60408 3.84066 4.07745 4.31387 4.54934 4.78319 5.01447 5.24258 5.46662 5.68575 5.89897 6.10523 6.30348 6.49232 6.67065 6.83685 6.98958 7.12709 7.24761 7.34917 7.42959 7.48655 7.5173 7.51921 7.48916 7.42361 7.31872 7.17031 6.97382 6.72425 6.41594 6.04242 5.59699 5.07207 4.4596 3.75108 2.93839 2.01712 1.00113 1.24604 1.4604 1.68269 1.91197 2.14743 2.38806 2.63324 2.88225 3.1342 3.38864 3.64468 3.90179 4.15918 4.41618 4.67224 4.92653 5.17853 5.42721 5.67192 5.91174 6.14555 6.37248 6.59137 6.80104 7.00006 7.18701 7.36039 7.51864 7.65994 7.78242 7.88376 7.96183 8.01413 8.03774 8.02991 7.98713 7.90595 7.78232 7.61192 7.39016 7.11173 6.77116 6.36198 5.87757 5.31052 4.65262 3.89511 3.02715 2.03231 1.01672 1.27605 1.51929 1.76921 2.02517 2.28642 2.55203 2.82133 3.09366 3.36836 3.64468 3.92195 4.19961 4.47688 4.75306 5.02759 5.29961 5.56838 5.83312 6.09295 6.34687 6.59381 6.83284 7.06274 7.28205 7.48945 7.68337 7.86224 8.02424 8.16763 8.29037 8.39003 8.46424 8.51039 8.52562 8.50674 8.45031 8.35275 8.20988 8.01731 7.77038 7.46375 7.09178 6.64836 6.12679 5.51983 4.81965 4.018 3.10518 2.06824 1.03338 1.30688 1.57951 1.85768 2.14067 2.42785 2.71831 3.0116 3.30712 3.60408 3.90179 4.19961 4.49704 4.79326 5.0876 5.37945 5.66794 5.95224 6.23155 6.50508 6.77179 7.03038 7.27993 7.5191 7.74656 7.96073 8.15996 8.34258 8.50685 8.65076 8.77219 8.86855 8.93752 8.97638 8.98202 8.95113 8.88023 8.76565 8.60314 8.38825 8.11629 7.78191 7.37946 6.9029 6.34581 5.70115 4.96135 4.11925 3.16815 2.10207 1.04852 1.33836 1.64097 1.94773 2.25799 2.57121 2.88656 3.20365 3.52192 3.84066 4.15918 4.47688 4.79326 5.10754 5.41901 5.72709 6.03086 6.3295 6.62216 6.90803 7.18603 7.4548 7.71338 7.96037 8.19438 8.41374 8.61675 8.80166 8.96663 9.10957 9.22827 9.32005 9.3825 9.4128 9.40774 9.36394 9.27783 9.14567 8.96318 8.72586 8.42903 8.06735 7.63524 7.12676 6.5356 5.85482 5.07694 4.19513 3.20567 2.12339 1.05856 1.3704 1.7035 2.03906 2.37675 2.71605 3.05626 3.39691 3.73748 4.07745 4.41618 4.75306 5.0876 5.41901 5.74662 6.06982 6.38773 6.69953 7.00437 7.30126 7.58909 7.86663 8.13281 8.38623 8.62524 8.84831 9.05365 9.23946 9.40365 9.54423 9.65888 9.7449 9.79963 9.82017 9.8034 9.74586 9.64387 9.49364 9.29084 9.03099 8.7094 8.32082 7.85979 7.32049 6.6966 5.98121 5.16645 4.24264 3.19402 2.12725 1.06226 1.40295 1.76674 2.13148 2.49669 2.86198 3.22673 3.59063 3.95324 4.31387 4.67224 5.02759 5.37945 5.72709 6.06982 6.40706 6.73789 7.06171 7.37734 7.68395 7.98043 8.26542 8.5378 8.7961 9.03883 9.26422 9.47048 9.65569 9.81788 9.95481 10.0641 10.143 10.1889 10.1989 10.1694 10.0974 9.97894 9.81017 9.58677 9.30426 8.95798 8.54274 8.0534 7.48402 6.82871 6.08097 5.23339 4.27739 3.20049 2.12934 1.06319 1.43586 1.83065 2.22462 2.61734 3.00846 3.39765 3.78447 4.16857 4.54934 4.92653 5.29961 5.66794 6.03086 6.38773 6.73789 7.08068 7.41528 7.74052 8.05557 8.35926 8.65041 8.92766 9.18955 9.43457 9.66085 9.86676 10.0501 10.209 10.341 10.4437 10.5146 10.5506 10.5489 10.506 10.4187 10.2831 10.0953 9.851 9.54568 9.17471 8.73317 8.21586 7.61706 6.93126 6.15256 5.27517 4.29342 3.20122 2.12643 1.06108 1.46902 1.89499 2.31823 2.73838 3.15527 3.56853 3.97782 4.38282 4.78319 5.17853 5.56838 5.95224 6.3295 6.69953 7.06171 7.41528 7.75939 8.0931 8.41536 8.72503 9.0209 9.30169 9.56585 9.81187 10.0379 10.242 10.4222 10.5765 10.7025 10.7977 10.8593 10.8845 10.8702 10.8131 10.7097 10.5563 10.349 10.0834 9.75517 9.3596 8.89178 8.34659 7.71871 7.00271 6.19326 5.28569 4.27829 3.18453 2.11405 1.05467 1.50242 1.95966 2.41211 2.8595 3.30169 3.73858 4.16986 4.59532 5.01447 5.42721 5.83312 6.23155 6.62216 7.00437 7.37734 7.74052 8.0931 8.43392 8.76215 9.07658 9.37607 9.65915 9.9243 10.17 10.3943 10.5956 10.7715 10.92 11.0388 11.1251 11.1765 11.1898 11.1622 11.09 10.9699 10.7983 10.5709 10.2838 9.93237 9.51193 9.01776 8.44482 7.78768 7.04122 6.20006 5.25844 4.20594 3.14456 2.09057 1.04349 1.53581 2.02433 2.50584 2.98022 3.44742 3.90745 4.36012 4.80531 5.24258 5.67192 6.09295 6.50508 6.90803 7.30126 7.68395 8.05557 8.41536 8.76215 9.09512 9.41309 9.71486 9.99894 10.2638 10.5079 10.7294 10.9264 11.0969 11.2386 11.349 11.4255 11.4656 11.4662 11.4243 11.3363 11.199 11.0085 10.7606 10.4515 10.0766 9.63118 9.11052 8.50965 7.82316 7.04604 6.17332 5.20208 4.14245 3.0972 2.06016 1.02868 1.5693 2.08882 2.5991 3.10011 3.59193 4.07448 4.54787 5.01201 5.46662 5.91174 6.34687 6.77179 7.18603 7.58909 7.98043 8.35926 8.72503 9.07658 9.41309 9.73341 10.0361 10.32 10.5833 10.8247 11.0422 11.2338 11.3976 11.5312 11.6322 11.6981 11.7258 11.7128 11.6558 11.5513 11.396 11.1859 10.9173 10.5858 10.187 9.71644 9.16908 8.54011 7.82407 7.01567 6.10868 5.09173 4.06456 3.04163 2.02419 1.011 1.60255 2.15294 2.69163 3.21878 3.73452 4.23907 4.73244 5.21466 5.68575 6.14555 6.59381 7.03038 7.4548 7.86663 8.26542 8.65041 9.0209 9.37607 9.71486 10.0361 10.3387 10.621 10.8817 11.119 11.3312 11.5164 11.6724 11.7969 11.8875 11.9414 11.9561 11.9285 11.8555 11.7337 11.5597 11.3296 11.0396 10.6853 10.2625 9.7665 9.19244 8.53525 7.78973 6.9507 6.01479 4.99159 3.98242 2.98056 1.98398 0.991064 1.63557 2.21636 2.78289 3.33566 3.87471 4.40045 4.91298 5.41243 5.89897 6.37248 6.83284 7.27993 7.71338 8.13281 8.5378 8.92766 9.30169 9.65915 9.99894 10.32 10.621 10.9006 11.1574 11.3895 11.5953 11.7728 11.9199 12.0341 12.1133 12.1545 12.1551 12.1121 12.0223 11.8825 11.6892 11.4384 11.1264 10.749 10.3018 9.78024 9.17933 8.4939 7.71852 6.84659 5.86658 4.87743 3.89298 2.91419 1.94008 0.969229 1.66818 2.27884 2.87272 3.45025 4.01181 4.55783 5.0886 5.6043 6.10523 6.59137 7.06274 7.5191 7.96037 8.38623 8.7961 9.18955 9.56585 9.9243 10.2638 10.5833 10.8817 11.1574 11.4089 11.6347 11.8329 12.0016 12.1387 12.2417 12.3082 12.3357 12.3212 12.262 12.1547 11.9961 11.7828 11.5108 11.1764 10.7754 10.3035 9.75612 9.12834 8.41492 7.61066 6.71177 5.72749 4.75857 3.79786 2.84314 1.89292 0.945718 1.7003 2.3401 2.96051 3.56202 4.14523 4.71048 5.25847 5.78933 6.30348 6.80104 7.28205 7.74656 8.19438 8.62524 9.03883 9.43457 9.81187 10.17 10.5079 10.8247 11.119 11.3895 11.6347 11.853 12.0425 12.2012 12.327 12.4177 12.4707 12.4835 12.4531 12.3767 12.2511 12.073 11.8389 11.545 11.1876 10.7626 10.2656 9.69236 9.03777 8.29638 7.46142 6.52076 5.57303 4.63149 3.69673 2.7676 1.84271 0.92067 1.73173 2.39996 3.04599 3.67049 4.27421 4.85759 5.42148 5.96629 6.49232 7.00006 7.48945 7.96073 8.41374 8.84831 9.26422 9.66085 10.0379 10.3943 10.7294 11.0422 11.3312 11.5953 11.8329 12.0425 12.2222 12.3698 12.4833 12.5606 12.5991 12.5961 12.5488 12.4543 12.3096 12.1111 11.8556 11.5391 11.1581 10.7085 10.1861 9.58672 8.90562 8.1378 7.27868 6.33681 5.41238 4.49762 3.58998 2.6878 1.78966 0.894192 1.76228 2.45799 3.12861 3.77494 4.39792 4.9982 5.57676 6.13402 6.67065 7.18701 7.68337 8.15996 8.61675 9.05365 9.47048 9.86676 10.242 10.5956 10.9264 11.2338 11.5164 11.7728 12.0016 12.2012 12.3698 12.5052 12.6055 12.6683 12.6912 12.6716 12.6064 12.4931 12.3282 12.1086 11.8308 11.491 11.0856 10.6107 10.0622 9.43645 8.72899 7.93372 7.03669 6.1354 5.24204 4.35663 3.47775 2.60397 1.73394 0.866379 1.79178 2.51394 3.2079 3.87475 4.51553 5.13131 5.72294 6.29119 6.83685 7.36039 7.86224 8.34258 8.80166 9.23946 9.65569 10.0501 10.4222 10.7715 11.0969 11.3976 11.6724 11.9199 12.1387 12.327 12.4833 12.6055 12.6915 12.7388 12.7451 12.7077 12.6238 12.4906 12.3047 12.0632 11.7623 11.3985 10.9679 10.4668 9.89135 9.23825 8.50537 7.69139 6.79897 5.92607 5.06375 4.20909 3.36042 2.51637 1.67573 0.837331 1.82011 2.56729 3.28309 3.96903 4.62615 5.25578 5.85892 6.43653 6.98958 7.51864 8.02424 8.50685 8.96663 9.40365 9.81788 10.209 10.5765 10.92 11.2386 11.5312 11.7969 12.0341 12.2417 12.4177 12.5606 12.6683 12.7388 12.7696 12.7583 12.7022 12.5987 12.4446 12.237 11.9726 11.6479 11.2592 10.8028 10.2744 9.67014 8.98701 8.22485 7.38432 6.5417 5.70615 4.87778 4.05557 3.23845 2.42536 1.61526 0.807162 1.84698 2.6176 3.35375 4.05695 4.72865 5.37033 5.98322 6.56845 7.12709 7.65994 8.16763 8.65076 9.10957 9.54423 9.95481 10.341 10.7025 11.0388 11.349 11.6322 11.8875 12.1133 12.3082 12.4707 12.5991 12.6912 12.7451 12.7583 12.7284 12.6526 12.5284 12.3527 12.1224 11.8344 11.4851 11.0709 10.5879 10.0315 9.3966 8.67841 7.88109 7.07934 6.27734 5.47906 4.68564 3.89696 3.11245 2.33134 1.5528 0.775995 1.87219 2.6644 3.41896 4.13755 4.82196 5.47369 6.09437 6.68534 7.24761 7.78242 8.29037 8.77219 9.22827 9.65888 10.0641 10.4437 10.7977 11.1251 11.4255 11.6981 11.9414 12.1545 12.3357 12.4835 12.5961 12.6716 12.7077 12.7022 12.6526 12.5563 12.4104 12.2121 11.9584 11.6458 11.2713 10.831 10.3212 9.73712 9.07155 8.30892 7.54177 6.77462 6.00925 5.24709 4.48874 3.73418 2.98303 2.23473 1.48861 0.743958 1.89538 2.70726 3.47812 4.20995 4.90476 5.5645 6.19083 6.78534 7.34917 7.88376 8.39003 8.86855 9.32005 9.7449 10.143 10.5146 10.8593 11.1765 11.4656 11.7258 11.9561 12.1551 12.3212 12.4531 12.5488 12.6064 12.6238 12.5987 12.5284 12.4104 12.242 12.0202 11.7419 11.404 11.0032 10.5363 9.99971 9.39016 8.70477 7.94396 7.20242 6.46811 5.73794 5.0113 4.28805 3.56799 2.85077 2.13593 1.42293 0.711176 1.91645 2.74556 3.5303 4.27296 4.97583 5.64112 6.27071 6.8664 7.42959 7.96183 8.46424 8.93752 9.3825 9.79963 10.1889 10.5506 10.8845 11.1898 11.4662 11.7128 11.9285 12.1121 12.262 12.3767 12.4543 12.4931 12.4906 12.4446 12.3527 12.2121 12.0202 11.7738 11.4701 11.1057 10.6776 10.1829 9.61832 8.98144 8.2706 7.55972 6.85584 6.15744 5.46309 4.77212 4.08417 3.39894 2.71611 2.03528 1.356 0.677759 1.93488 2.77861 3.57456 4.32536 5.03367 5.70185 6.33208 6.92638 7.48655 8.01413 8.51039 8.97638 9.4128 9.82017 10.1989 10.5489 10.8702 11.1622 11.4243 11.6558 11.8555 12.0223 12.1547 12.2511 12.3096 12.3282 12.3047 12.237 12.1224 11.9584 11.7419 11.4701 11.1397 10.7478 10.2912 9.76696 9.17241 8.5051 7.83646 7.16848 6.50379 5.8427 5.18487 4.52991 3.87755 3.22749 2.57945 1.93308 1.288 0.643806 1.95045 2.80585 3.60998 4.36586 5.07645 5.74453 6.37257 6.96288 7.5173 8.03774 8.52562 8.98202 9.40774 9.8034 10.1694 10.506 10.8131 11.09 11.3363 11.5513 11.7337 11.8825 11.9961 12.073 12.1111 12.1086 12.0632 11.9726 11.8344 11.6458 11.404 11.1057 10.7478 10.327 9.84032 9.28495 8.65805 8.03007 7.40166 6.77393 6.14812 5.52471 4.90375 4.28511 3.6686 3.05402 2.4411 1.82958 1.21913 0.609405 1.96268 2.82636 3.63525 4.39284 5.10254 5.76726 6.38999 6.97329 7.51921 8.02991 8.50674 8.95113 9.36394 9.74586 10.0974 10.4187 10.7097 10.9699 11.199 11.396 11.5597 11.6892 11.7828 11.8389 11.8556 11.8308 11.7623 11.6479 11.4851 11.2713 11.0032 10.6776 10.2912 9.84032 9.3222 8.73367 8.14477 7.55548 6.96617 6.37746 5.79003 5.20427 4.62032 4.03817 3.45773 2.87886 2.30135 1.72499 1.14951 0.574629 1.97109 2.83926 3.64901 4.40452 5.10961 5.76757 6.38164 6.95467 7.48916 7.98713 8.45031 8.88023 9.27783 9.64387 9.97894 10.2831 10.5563 10.7983 11.0085 11.1859 11.3296 11.4384 11.5108 11.545 11.5391 11.491 11.3985 11.2592 11.0709 10.831 10.5363 10.1829 9.76696 9.28495 8.73367 8.18277 7.63187 7.0809 6.53006 5.97972 5.43027 4.882 4.33506 3.78951 3.2453 2.70232 2.16046 1.61951 1.07928 0.539545 1.97522 2.84339 3.64981 4.39904 5.09539 5.74257 6.34432 6.90381 7.42361 7.90595 8.35275 8.76565 9.14567 9.49364 9.81017 10.0953 10.349 10.5709 10.7606 10.9173 11.0396 11.1264 11.1764 11.1876 11.1581 11.0856 10.9679 10.8028 10.5879 10.3212 9.99971 9.61832 9.17241 8.65805 8.14477 7.63187 7.11902 6.60618 6.09345 5.58107 5.06931 4.55838 4.04843 3.5395 3.0316 2.52468 2.01862 1.51331 1.00856 0.504208 1.97439 2.83767 3.63581 4.37401 5.05716 5.68939 6.27487 6.81704 7.31872 7.78232 8.20988 8.60314 8.96318 9.29084 9.58677 9.851 10.0834 10.2838 10.4515 10.5858 10.6853 10.749 10.7754 10.7626 10.7085 10.6107 10.4668 10.2744 10.0315 9.73712 9.39016 8.98144 8.5051 8.03007 7.55548 7.0809 6.60618 6.13133 5.65648 5.18181 4.70752 4.23379 3.76075 3.28845 2.81693 2.34615 1.87605 1.40652 0.937438 0.468667 1.96789 2.82067 3.60496 4.32685 4.99182 5.60459 6.16951 6.69036 7.17031 7.61192 8.01731 8.38825 8.72586 9.03099 9.30426 9.54568 9.75517 9.93237 10.0766 10.187 10.2625 10.3018 10.3035 10.2656 10.1861 10.0622 9.89135 9.67014 9.3966 9.07155 8.70477 8.2706 7.83646 7.40166 6.96617 6.53006 6.09345 5.65648 5.21932 4.78215 4.34516 3.90851 3.4723 3.03663 2.60151 2.16694 1.73288 1.29927 0.865997 0.432964 1.95488 2.79058 3.55491 4.25461 4.8959 5.48402 6.02384 6.51938 6.97382 7.39016 7.77038 8.11629 8.42903 8.7094 8.95798 9.17471 9.3596 9.51193 9.63118 9.71644 9.7665 9.78024 9.75612 9.69236 9.58672 9.43645 9.23825 8.98701 8.67841 8.30892 7.94396 7.55972 7.16848 6.77393 6.37746 5.97972 5.58107 5.18181 4.78215 4.38231 3.98246 3.58276 3.18332 2.78423 2.38552 1.98721 1.58927 1.19166 0.794307 0.397134 1.93425 2.74546 3.48267 4.15359 4.76514 5.32335 5.83324 6.2991 6.72425 7.11173 7.46375 7.78191 8.06735 8.32082 8.54274 8.73317 8.89178 9.01776 9.11052 9.16908 9.19244 9.17933 9.12834 9.03777 8.90562 8.72899 8.50537 8.22485 7.88109 7.54177 7.20242 6.85584 6.50379 6.14812 5.79003 5.43027 5.06931 4.70752 4.34516 3.98246 3.6196 3.25674 2.89399 2.53144 2.16914 1.8071 1.44532 1.08378 0.722428 0.361207 1.90468 2.68274 3.38473 4.01952 4.59493 5.1174 5.59227 6.02392 6.41594 6.77116 7.09178 7.37946 7.63524 7.85979 8.0534 8.21586 8.34659 8.44482 8.50965 8.54011 8.53525 8.4939 8.41492 8.29638 8.1378 7.93372 7.69139 7.38432 7.07934 6.77462 6.46811 6.15744 5.8427 5.52471 5.20427 4.882 4.55838 4.23379 3.90851 3.58276 3.25674 2.9306 2.60446 2.2784 1.95247 1.62671 1.30112 0.9757 0.650408 0.325207 1.86452 2.59929 3.25678 3.84724 4.37926 4.85987 5.2945 5.68759 6.04242 6.36198 6.64836 6.9029 7.12676 7.32049 7.48402 7.61706 7.71871 7.78768 7.82316 7.82407 7.78973 7.71852 7.61066 7.46142 7.27868 7.03669 6.79897 6.5417 6.27734 6.00925 5.73794 5.46309 5.18487 4.90375 4.62032 4.33506 4.04843 3.76075 3.4723 3.18332 2.89399 2.60446 2.31483 2.0252 1.73562 1.44614 1.15676 0.867478 0.578286 0.289154 1.81129 2.49072 3.09308 3.63019 4.11139 4.54391 4.93308 5.2831 5.59699 5.87757 6.12679 6.34581 6.5356 6.6966 6.82871 6.93126 7.00271 7.04122 7.04604 7.01567 6.9507 6.84659 6.71177 6.52076 6.33681 6.1354 5.92607 5.70615 5.47906 5.24709 5.0113 4.77212 4.52991 4.28511 4.03817 3.78951 3.5395 3.28845 3.03663 2.78423 2.53144 2.2784 2.0252 1.77194 1.51868 1.26545 1.01227 0.759158 0.506093 0.253063 1.74193 2.35124 2.88621 3.36024 3.78303 4.16129 4.50002 4.80275 5.07207 5.31052 5.51983 5.70115 5.85482 5.98121 6.08097 6.15256 6.19326 6.20006 6.17332 6.10868 6.01479 5.86658 5.72749 5.57303 5.41238 5.24204 5.06375 4.87778 4.68564 4.48874 4.28805 4.08417 3.87755 3.6686 3.45773 3.2453 3.0316 2.81693 2.60151 2.38552 2.16914 1.95247 1.73562 1.51868 1.30169 1.0847 0.867722 0.650773 0.433851 0.216947 1.6512 2.17248 2.6263 3.02713 3.38398 3.7026 3.98654 4.23823 4.4596 4.65262 4.81965 4.96135 5.07694 5.16645 5.23339 5.27517 5.28569 5.25844 5.20208 5.09173 4.99159 4.87743 4.75857 4.63149 4.49762 4.35663 4.20909 4.05557 3.89696 3.73418 3.56799 3.39894 3.22749 3.05402 2.87886 2.70232 2.52468 2.34615 2.16694 1.98721 1.8071 1.62671 1.44614 1.26545 1.0847 0.903918 0.723131 0.542351 0.36158 0.180815 1.53078 1.94157 2.29938 2.61761 2.90237 3.15699 3.38293 3.58081 3.75108 3.89511 4.018 4.11925 4.19513 4.24264 4.27739 4.29342 4.27829 4.20594 4.14245 4.06456 3.98242 3.89298 3.79786 3.69673 3.58998 3.47775 3.36042 3.23845 3.11245 2.98303 2.85077 2.71611 2.57945 2.4411 2.30135 2.16046 2.01862 1.87605 1.73288 1.58927 1.44532 1.30112 1.15676 1.01227 0.867722 0.723131 0.578522 0.433907 0.28929 0.144672 1.36475 1.63805 1.88643 2.11515 2.32411 2.51246 2.67898 2.82181 2.93839 3.02715 3.10518 3.16815 3.20567 3.19402 3.20049 3.20122 3.18453 3.14456 3.0972 3.04163 2.98056 2.91419 2.84314 2.7676 2.6878 2.60397 2.51637 2.42536 2.33134 2.23473 2.13593 2.03528 1.93308 1.82958 1.72499 1.61951 1.51331 1.40652 1.29927 1.19166 1.08378 0.9757 0.867478 0.759158 0.650773 0.542351 0.433907 0.325452 0.21699 0.108523 1.11859 1.22784 1.36114 1.50005 1.63365 1.75617 1.86431 1.95386 2.01712 2.03231 2.06824 2.10207 2.12339 2.12725 2.12934 2.12643 2.11405 2.09057 2.06016 2.02419 1.98398 1.94008 1.89292 1.84271 1.78966 1.73394 1.67573 1.61526 1.5528 1.48861 1.42293 1.356 1.288 1.21913 1.14951 1.07928 1.00856 0.937438 0.865997 0.794307 0.722428 0.650408 0.578286 0.506093 0.433851 0.36158 0.28929 0.21699 0.144683 0.0723685 0.703754 0.655975 0.692256 0.751853 0.815057 0.874673 0.927412 0.970614 1.00113 1.01672 1.03338 1.04852 1.05856 1.06226 1.06319 1.06108 1.05467 1.04349 1.02868 1.011 0.991064 0.969229 0.945718 0.92067 0.894192 0.866379 0.837331 0.807162 0.775995 0.743958 0.711176 0.677759 0.643806 0.609405 0.574629 0.539545 0.504208 0.468667 0.432964 0.397134 0.361207 0.325207 0.289154 0.253063 0.216947 0.180815 0.144672 0.108523 0.0723685 0.0362079 
